  -7.9700000e+00
  -8.1332779e+00
  -8.6231115e+00
  -9.1129452e+00
  -9.6027788e+00
  -9.9293346e+00
  -1.1072280e+01
  -1.1725391e+01
  -1.2051947e+01
  -1.3358170e+01
  -1.4011282e+01
  -1.4827671e+01
  -1.5317505e+01
  -1.5970616e+01
  -1.6623728e+01
  -1.7276839e+01
  -1.8256506e+01
  -1.9072896e+01
  -1.9889285e+01
  -2.0705675e+01
  -2.1522064e+01
  -2.3807954e+01
  -2.4950900e+01
  -2.5930567e+01
  -2.7563346e+01
  -2.8543013e+01
  -3.0175792e+01
  -3.1318737e+01
  -3.1971848e+01
  -3.2624960e+01
  -3.2951516e+01
  -3.3767905e+01
  -3.4257739e+01
  -3.4910850e+01
  -3.5400684e+01
  -3.5727240e+01
  -3.6053795e+01
  -3.6217073e+01
  -3.6706907e+01
  -3.6870185e+01
  -3.7033463e+01
  -3.7196741e+01
  -3.7196741e+01
  -3.7196741e+01
  -3.7196741e+01
  -3.7196741e+01
  -3.7196741e+01
  -3.7196741e+01
  -3.7196741e+01
  -3.7196741e+01
  -3.7196741e+01
  -3.7196741e+01
  -3.6870185e+01
  -3.6380351e+01
  -3.6053795e+01
  -3.5563962e+01
  -3.5074128e+01
  -3.3441349e+01
  -3.2298404e+01
  -3.1318737e+01
  -2.9359402e+01
  -2.8216457e+01
  -2.7400068e+01
  -2.6420400e+01
  -2.5604011e+01
  -2.4787622e+01
  -2.4134510e+01
  -2.3481399e+01
  -2.2828287e+01
  -2.2338453e+01
  -2.1848620e+01
  -2.1358786e+01
  -2.0868953e+01
  -2.0379119e+01
  -1.9889285e+01
  -1.8909618e+01
  -1.8256506e+01
  -1.7113561e+01
  -1.6297172e+01
  -1.5807338e+01
  -1.5154227e+01
  -1.4827671e+01
  -1.4337837e+01
  -1.3848004e+01
  -1.3358170e+01
  -1.2868336e+01
  -1.2541781e+01
  -1.2378503e+01
  -1.2051947e+01
  -1.1725391e+01
  -1.1398835e+01
  -1.1072280e+01
  -1.0745724e+01
  -1.0419168e+01
  -9.9293346e+00
  -9.6027788e+00
  -9.2762230e+00
  -8.9496673e+00
  -8.7863894e+00
  -8.6231115e+00
  -8.4598336e+00
  -8.2965558e+00
  -8.1332779e+00
  -8.1332779e+00
  -7.9700000e+00
  -7.8067221e+00
  -7.8067221e+00
  -7.6434442e+00
  -7.6434442e+00
  -7.6434442e+00
  -7.6434442e+00
  -7.6434442e+00
  -7.6434442e+00
  -7.6434442e+00
  -7.6434442e+00
  -7.6434442e+00
  -7.6434442e+00
  -7.6434442e+00
  -7.6434442e+00
  -7.6434442e+00
  -7.6434442e+00
  -7.6434442e+00
  -7.6434442e+00
  -7.6434442e+00
  -7.6434442e+00
  -7.6434442e+00
  -7.6434442e+00
  -7.6434442e+00
  -7.6434442e+00
  -7.6434442e+00
  -7.6434442e+00
  -7.6434442e+00
  -7.6434442e+00
  -7.6434442e+00
  -7.6434442e+00
  -7.6434442e+00
  -7.6434442e+00
  -7.6434442e+00
  -7.6434442e+00
  -7.6434442e+00
  -7.6434442e+00
  -7.6434442e+00
  -7.4801664e+00
  -7.4801664e+00
  -7.3168885e+00
  -7.3168885e+00
  -7.1536106e+00
  -6.9903327e+00
  -6.9903327e+00
  -6.8270548e+00
  -6.6637770e+00
  -6.3372212e+00
  -6.0106654e+00
  -5.6841097e+00
  -5.3575539e+00
  -5.0309982e+00
  -4.7044424e+00
  -4.5411645e+00
  -4.2146087e+00
  -3.8880530e+00
  -3.7247751e+00
  -3.5614972e+00
  -3.3982193e+00
  -3.2349415e+00
  -3.2349415e+00
  -3.0716636e+00
  -2.9083857e+00
  -2.7451078e+00
  -2.5818299e+00
  -2.5818299e+00
  -2.4185521e+00
  -2.4185521e+00
  -2.2552742e+00
  -2.2552742e+00
