-0.00921659
-0.0437788
-0.078341
-0.110599
-0.133641
-0.154378
-0.182028
-0.205069
-0.225806
-0.241935
-0.25576
-0.271889
-0.285714
-0.315668
-0.336406
-0.352535
-0.370968
-0.391705
-0.412442
-0.421659
-0.423963
-0.423963
-0.423963
-0.423963
-0.423963
-0.423963
-0.423963
-0.410138
-0.394009
-0.347926
-0.327189
-0.308756
-0.290323
-0.274194
-0.260369
-0.246544
-0.232719
-0.209677
-0.184332
-0.16129
-0.129032
-0.12212
-0.117512
-0.112903
-0.110599
-0.110599
-0.110599
-0.110599
-0.110599
-0.110599
-0.110599
-0.108295
-0.108295
-0.105991
-0.105991
-0.103687
-0.103687
-0.103687
-0.103687
-0.103687
-0.103687
-0.103687
-0.103687
-0.101382
-0.0990783
-0.09447
-0.0898618
-0.0875576
-0.0852535
-0.0806452
-0.0760369
-0.0668203
-0.0506912
-0.0391705
-0.0276498
-0.0184332
-0.00460829
0
0.00230415
0.00691244
0.0115207
0.0184332
0.0276498
0.0345622
0.0414747
0.0460829
0.0483871
0.0529954
0.0552995
0.0576037
0.0599078
