0.0233236
0.0553936
0.0787172
0.0991254
0.110787
0.119534
0.125364
0.125364
0.125364
0.125364
0.113703
0.102041
0.090379
0.0612245
0.03207
0
-0.0291545
-0.0728863
-0.131195
-0.166181
-0.198251
-0.244898
-0.303207
-0.344023
-0.373178
-0.396501
-0.422741
-0.446064
-0.469388
-0.501458
-0.510204
-0.510204
-0.510204
-0.510204
-0.501458
-0.489796
-0.475219
-0.443149
-0.399417
-0.358601
-0.262391
-0.227405
-0.206997
-0.186589
-0.180758
-0.177843
-0.174927
-0.174927
-0.169096
-0.157434
-0.137026
-0.116618
-0.104956
-0.0991254
-0.0932945
-0.090379
-0.090379
-0.0874636
-0.0874636
-0.0874636
-0.0845481
-0.0845481
-0.0845481
-0.0845481
-0.104956
-0.134111
-0.169096
-0.209913
-0.247813
-0.271137
-0.291545
-0.314869
-0.346939
-0.379009
-0.399417
-0.41691
-0.437318
-0.440233
-0.443149
-0.44898
-0.451895
-0.457726
-0.457726
-0.460641
-0.463557
-0.463557
-0.463557
-0.463557
-0.463557
-0.463557
-0.463557
